,Discount_Pct,Units_Sold,Unit_Price_USD,Net_Revenue_USD,Marketing_Spend_USD,Profit_USD,Profit_Margin_Pct
Discount_Pct,1,0.4764183299356795,-0.01932887618704901,0.3866662100396281,0.4054147866650695,0.3500589868913781,0.1364401881371894
Units_Sold,0.4764183299356795,1,-0.0408790732582414,0.8797851302980648,0.6867438524137889,0.8425415735877203,0.3777573276079355
Unit_Price_USD,-0.01932887618704901,-0.0408790732582414,1,0.3418160082763672,0.4185528300428257,0.2117324831837267,-0.09111037776524858
Net_Revenue_USD,0.3866662100396281,0.8797851302980648,0.3418160082763672,1,0.8266411931109906,0.9052705195703914,0.3267206302913084
Marketing_Spend_USD,0.4054147866650695,0.6867438524137889,0.4185528300428257,0.8266411931109906,1,0.6146698966667559,-0.004430704430904748
Profit_USD,0.3500589868913781,0.8425415735877203,0.2117324831837267,0.9052705195703914,0.6146698966667559,1,0.6038379662794798
Profit_Margin_Pct,0.1364401881371894,0.3777573276079355,-0.09111037776524858,0.3267206302913084,-0.004430704430904748,0.6038379662794798,1
